228.8585375419989
226.39868381969984
231.37025541310044
234.12528806560024
229.91455199770076
229.24816666209986
230.3580895230996
235.69237587970113
229.53843882509983
232.9127415733004
229.5348408689991
219.2567675036998
221.77609162129866
225.71921346250042
235.57034077029974
236.3997809183999
229.9622409673994
227.98900714510117
226.22915793709998
224.09527872010023
220.61755416930058
219.8109286622991
222.0665465698997
224.14000117190048
223.41897559849951
234.56280071749916
228.43769828420054
233.8341178868012
225.6090702451999
225.31799438120052
224.81117053849934
219.8185088800999
220.4668803539005
223.163842748701
218.8582317556006
233.74467198629952
229.33287712219996
239.4112649582006
232.41536507039982
241.00889713179834
232.25020545130042
221.31634654829992
222.32867048089994
221.27913491550092
232.73498569910024
234.81794994580005
234.6620326092999
234.39487670739857
235.57643512740134
239.17108744990006
234.11006990699843
239.4093258658003
239.7567927780003
237.82224402809916
239.69819264139872
239.18056455520215
238.9510455355003
229.8441581259002
234.9014215369993
233.47370700049865
234.50204537020022
233.71198915949995
245.2063285398001
244.61665756260012
241.29746404560032
244.4160433021994
238.15953548549996
238.2761503186007
238.41518767219992
236.69399522230015
234.93875149710058
238.5704082780999
236.0238749919993
241.8487054399001
245.67547177839978
246.4179478156005
253.14836338969954
236.43596269280087
237.4602877857998
237.58400996519882
237.37988024919918
236.5881262917007
238.01004251609956
240.51653485310007
238.61002196420026
245.8423847108007
244.8023129828993
249.36649307579998
238.70070821709953
238.56709537699953
236.4379202147998
235.02571103090128
237.76214877100045
237.90681110969902
240.11517404719916
240.73223829279976
245.58901092249934
250.64777593989928
253.89217119090134
238.8193018978991
235.89614151520007
237.56708363959984
238.16622936980073
237.15340570010022
238.6199903532995
242.54262316459972
243.66171974600093
241.46341098240003
242.18325321780202
257.62547803349935
238.68808731440004
238.46486240429888
237.56840290630157
238.3535630520002
237.78217888580048
239.97104565219922
243.76458556079933
244.56543095239945
245.5782428177988
252.90031619109948
257.5519185560006

