0
349.4700598073035 156962.70627125388 593.7729828049107 451060.92446463666
1
371.02256646608896 177483.57038086638 733.9806785846832 608010.1412807773
2
342.9077371436373 166173.94656087426 601.5746932292105 460111.4798312367
3
392.6993761898085 206848.20050695067 598.3634948069715 438309.022723207
4
372.2447509142044 187060.21564641982 654.3848727743666 492109.29828872904
5
379.40180447024983 188687.36584028573 653.0341777832205 491005.040955338
6
426.8055836818065 245511.20344086763 627.5051436300415 480116.0698617941
7
405.7950933430923 193293.1180979453 648.7319849975328 480874.2636490129
8
402.7227557456838 213439.32001554623 610.5053482085856 471801.47860648663
9
394.4943430312984 207137.21021779368 671.8945340069465 516543.02876461396
10
404.66031395257545 209396.2203535969 617.1129369512853 468300.1174146017
11
298.21778034652624 111059.99243972606 713.7584958912032 581031.4454428004
12
399.52059890261523 218340.2494946485 613.7431320139921 461089.4962581253
13
379.6750962726109 205075.31927391625 709.348052039378 572138.7207087824
14
363.77050697293856 199504.8470523124 632.5362669687149 505759.28936641495
15
420.61904378041373 230097.28097936927 657.3965264983747 491284.7991696812
16
341.7602291876966 141438.62271740026 656.5469601900967 542436.7635022338
17
349.1813483566566 147477.06314542703 687.8719794083187 538754.8248528345
18
413.8545383924215 243811.74809467807 625.0524947992991 482522.27971772995
19
426.80558368180664 248109.80745644146 627.5051436300416 480116.0698617941
20
420.8531674083654 241513.93683226858 643.8128933937595 506459.36455325066
21
369.0953988334909 193896.3238142755 718.3257491023886 587234.9979846617
22
373.50879774530586 190576.88835729528 702.7814710398543 560325.8614933209
23
292.0574040993507 112434.00784268726 761.165921381081 653735.2840693634
24
431.28651934650065 247153.549599892 620.2317604781283 471495.5510831278
25
399.83810428089635 239440.47516882277 640.0957496725255 501823.9316991961
26
397.11675745514896 218224.69201492445 694.0312328513518 546839.4738180407
27
355.58323083102687 186038.06434700437 680.1956732997728 562072.5192115958
28
367.71651935247183 159293.35938912685 731.2662681454865 604101.1099765875
29
316.489465278765 123010.65643416533 742.3712060466428 621295.0584114837
