0
126.83850054075641 914.8375894496202 131.0989010989011 1355.8145151551744
1
121.02068634080408 720.4581488181807 139.12087912087912 1985.1950247554644
2
121.0090203984414 718.4042244871259 140.65934065934067 2126.917039004951
3
122.68775234969141 731.7350084691161 129.56043956043956 1350.3803888419272
4
120.06517810209736 602.14823351737 136.15384615384616 1662.516604274846
5
126.83753185189141 936.4976579443805 129.56043956043956 1285.8229682405506
6
134.7973634374121 1685.4315168148964 130.54945054945054 1276.8023185605603
7
127.46117140193194 1180.6030608316694 123.95604395604396 899.4565873686752
8
125.10128890064189 897.2675623072121 127.47252747252747 1190.291027653665
9
124.79896585927492 824.4976031664185 128.35164835164835 1285.4969206617557
10
135.29035318308 1759.0243259609815 130.54945054945054 1360.487863784567
11
118.21110813307182 528.127116555161 142.74725274725276 2260.4878637845673
12
117.85415691478214 527.751100200929 144.72527472527472 2441.552952541964
13
118.09877129163836 511.2237644645604 137.69230769230768 1895.5319405868856
14
127.98871277453864 1404.3104558449463 146.3736263736264 2580.123173529767
15
122.70042041931251 746.3494821769661 138.57142857142856 1953.7857746648954
16
130.87435455493613 1496.9160012260518 131.75824175824175 1417.1114599686027
17
123.25646050327849 735.2880687900933 131.2087912087912 1503.948798454293
18
129.25840355244614 1287.010646987711 131.53846153846155 1426.240792174858
19
129.70544489435844 1335.9823325628738 131.64835164835165 1341.359739161937
20
128.0206431543653 1163.6380008008048 121.86813186813187 893.6964134766332
21
128.0206431543653 1182.1789556720123 121.86813186813187 893.6964134766332
22
121.69739175514688 608.3032703073053 134.5054945054945 1796.087429054462
23
125.36536992858477 803.3926231419631 126.26373626373626 1256.9134162540756
24
128.0492199333054 984.1428285648338 138.6813186813187 1968.457915710663
25
124.07364646565337 763.5276523938882 141.64835164835165 2198.1040937084895
26
125.02985273858589 911.6296232934268 129.56043956043956 1205.832628909552
27
140.97623372568646 2244.017455530147 132.19780219780222 1342.5552469508514
28
134.04669343175158 1748.3791863050863 132.30769230769232 1417.2201424948676
29
131.04650568037724 1705.9730828020026 140.32967032967034 1992.9114841202752
30
133.0642604226492 1646.7676989473355 130.0 1285.170873082961
31
128.8918063512089 1460.0162594889139 134.6153846153846 1547.0957613814755
32
128.8227008862833 1319.5270505799738 125.93406593406593 1028.5714285714284
33
122.70930544925807 683.268293201698 138.13186813186815 1961.6109165559715
34
128.46401191645614 1019.8749220487466 131.09890109890108 1426.240792174858
35
136.55179100961664 1842.3653441231356 133.2967032967033 1401.243811133921
36
133.50079747775163 1612.6950983905276 136.15384615384616 1650.3441613331722
37
129.6102972115656 1557.122930837466 139.45054945054943 2015.9521796884435
38
138.66159823177924 2083.2669230723573 132.85714285714286 1743.593768868494
39
123.77634419978193 1265.3370885402776 144.83516483516485 2464.484965583867
40
137.95980860476521 2032.5146954495765 139.23076923076923 1949.4384736142977
41
131.80771865276637 1623.161006408848 140.87912087912088 2011.9309262166405
42
129.70544489435844 1200.5800089403392 131.64835164835165 1341.359739161937
43
128.79686717962966 1321.9518864382035 144.94505494505495 2390.68953024997
44
134.13537646433542 1656.0083911110064 137.36263736263737 1911.5082719478323
45
122.93715150006395 707.6147907538151 143.1868131868132 2439.596667069194
46
137.60848079672735 2010.9675821171236 132.96703296703296 1535.9014611761863
47
135.57440445915435 1777.704830216986 138.57142857142856 2044.4270015698585
48
129.9375177252148 1570.8992462852405 144.39560439560438 2427.315541601256
49
130.39422643045685 1527.7566705769284 143.2967032967033 2340.8042506943607
50
131.44585826450015 1780.779000087261 145.05494505494505 2453.6167129573723
51
129.49225632913033 1610.3227750648743 146.5934065934066 2562.2992392223164
52
127.70919722158966 1322.7252622689289 147.9120879120879 2755.1020408163267
53
129.49225632913033 1609.9625581610383 146.5934065934066 2562.299239222316
54
118.73966372686898 540.5397258357029 150.32967032967034 2891.1725637000363
55
138.12172485540364 2039.105315446337 126.7032967032967 1005.8567805820551
56
139.5188538514472 2164.049771416975 132.1978021978022 1470.3658978384256
57
132.66142822164662 1673.5874331637324 136.04395604395606 1616.109165559715
58
135.99658358914348 1807.878574966304 129.45054945054946 1338.9687235841084
59
131.4480038905032 1547.7386430140775 142.74725274725273 2425.6853037072815
60
130.95920995195854 1595.8507681339727 142.41758241758242 2181.6930322424832
61
131.89603142322292 1707.365997086151 140.1098901098901 1944.4390774061105
62
132.6306810079368 1714.549746297433 148.13186813186812 2682.284748218814
63
133.33411729824982 1831.5292189258328 145.05494505494505 2474.9184881053015
64
135.68194275058005 1925.5046562814532 146.04395604395603 2598.7078855210725
65
126.39479649499702 1245.6638267958615 150.0 2851.720806665862
66
135.4598253386456 1853.36522582052 141.3186813186813 2129.30805458278
67
134.9026999688103 1775.7621948938213 134.28571428571428 1716.0970897234633
68
140.37486258688375 2167.625733735475 132.41758241758242 1559.7029344282091
69
135.4598253386456 1898.4140115025295 141.31868131868134 2129.3080545827797
70
133.34415436921057 1837.1388226001077 139.7802197802198 1996.2806424344885
71
135.68145554643996 1891.1684574830717 139.78021978021977 1979.3261683371575
72
133.33411729824982 1874.0444733958157 145.05494505494505 2474.9184881053015
73
124.4623850540867 1210.9374903472526 150.65934065934067 2933.01533631204
74
124.85922451557363 1230.3585218081223 148.13186813186815 2812.051684579157
75
127.77843893414789 1375.4529091294733 149.45054945054943 2787.48943364328
76
124.85922451557363 1223.6100469349267 148.13186813186815 2812.0516845791576
77
141.4134385774025 2320.4121330744174 127.91208791208791 1189.2042023910155
78
135.68194275058005 1975.4195833952188 146.04395604395603 2598.7078855210725
79
135.7318844930288 1870.8930390156186 140.0 2064.9679990339328
80
139.5188538514472 2097.458771247075 132.1978021978022 1470.365897838425
81
135.68145554643996 1972.0775714596546 139.7802197802198 1979.3261683371575
82
134.36243877011185 1901.3563139862545 141.86813186813188 2153.978988044922
83
131.05842945056648 1538.0893020338228 141.64835164835165 2110.5059775389445
84
132.6306810079368 1720.162134474549 148.13186813186812 2682.2847482188145
85
127.49763934702463 1376.4487385015689 146.7032967032967 2533.498369762106
86
132.77733003135188 1764.7038141087792 146.5934065934066 2591.643521313851
87
124.4623850540867 1210.0960569975623 150.65934065934067 2933.01533631204
88
136.9384097430558 1854.181169014549 130.98901098901098 1475.9087066779375
89
134.83371979673464 1717.975828524684 139.12087912087912 2009.7572756913416
90
138.6615982317792 2107.078854121352 132.85714285714286 1743.593768868494
91
134.2354984479921 1875.6126417850924 141.3186813186813 2232.7738195870065
92
135.4598253386456 1892.0601587238418 141.3186813186813 2129.3080545827797
93
135.98502471388394 1916.1602293953733 141.3186813186813 2079.314092500905
94
132.24918690652927 1759.0126707097802 145.05494505494505 2437.9664291752206
95
127.47831136462565 1380.8273849002335 151.64835164835165 3043.762830576017
96
127.48817788064137 1288.0151478977627 147.14285714285714 2651.744958338365
97
124.4623850540867 1204.9113285218489 150.65934065934067 2933.01533631204
98
127.41188012493437 1342.1812458134632 150.2197802197802 2894.32435696172
99
139.55267967709403 2147.6957532440106 126.7032967032967 878.0461296944814
100
137.16044882655262 2061.595857969593 133.1868131868132 1585.4606931530006
101
137.7867261967658 2010.3647545537312 133.4065934065934 1641.9756068107718
102
132.96230894531314 1801.7905618629009 140.32967032967034 2181.801714768748
103
139.48821366014994 2077.4443269339404 137.14285714285714 1980.6303586523366
104
139.48821366014994 2168.4404557832363 137.14285714285714 1980.6303586523366
105
134.36243877011185 1846.1756420248194 141.86813186813185 2153.9789880449225
106
132.77733003135188 1799.0414787872703 146.5934065934066 2591.643521313851
107
132.63068100793677 1723.0407911009056 148.13186813186815 2682.2847482188145
108
124.4623850540867 1195.451190139133 150.65934065934067 2933.01533631204
109
124.86222533605496 1278.3208602372777 148.9010989010989 2760.427484603309
110
139.55267967709403 2251.085978615694 126.7032967032967 878.0461296944811
111
140.97623372568646 2297.941762601926 132.1978021978022 1342.5552469508511
112
140.97623372568646 2297.941762601926 132.1978021978022 1342.5552469508511
113
138.3179096142133 2169.0791857622307 137.47252747252747 1854.8846757637966
114
135.68194275058005 1945.1514955111895 146.04395604395603 2598.7078855210725
115
135.68194275058005 1945.1514955111895 146.04395604395603 2598.7078855210725
116
135.68194275058005 1933.2539630207946 146.04395604395603 2598.7078855210725
117
135.68194275058005 1922.0808215032982 146.04395604395603 2598.7078855210725
118
127.47831136462565 1376.4553226691105 151.64835164835165 3043.762830576017
119
127.47831136462565 1376.4553226691105 151.64835164835165 3043.762830576017
120
127.47831136462565 1371.8461961534354 151.64835164835165 3043.762830576017

