0
128.64645192323343 1846.3932175277776 135.53450937496464 10102.227032594046
1
123.75103225024063 1269.2509491419337 142.58697384296386 14673.057256660237
2
130.41499899687707 2081.412368955074 133.95032050290493 7771.602009015569
3
134.20123702952282 2631.8803822866057 136.45007025462496 8719.625788051571
4
131.9967126658292 2303.5266481941753 125.19442326201823 5990.749529629241
5
128.48660874056873 1825.845474461056 129.6109477350902 6134.372478716374
6
132.4635475599286 2371.234320395427 128.7039379134492 5290.245319918214
7
133.16901976842036 2475.413712895187 136.8919739481762 9007.46710155429
8
133.88871375033315 2584.001069217042 128.98894293609266 7229.151834201664
9
137.40268344741835 3147.66164040251 132.033545781553 7135.694309847484
10
132.4635475599286 2371.234320395427 128.7039379134492 6350.436501273965
11
118.95724865398246 808.5988721900696 142.50089117818868 13108.9039852239
12
118.6661806414136 783.9591744102383 142.6492587923065 16553.645755402173
13
123.05293958196081 1195.735552581455 136.35377343584128 10465.440106922122
14
136.751492300476 3039.012419201882 131.6771061226882 8052.0922559376995
15
132.2233227753597 2336.270694041281 140.05869487741865 11852.36064951946
16
134.53350502811037 2683.2666814346794 127.04416265173742 4731.55304975219
17
129.3021479937299 1931.8857233545118 127.53047356428 5475.6813932730365
18
130.2325286133171 2056.513019298832 124.19273534196779 2595.833076139813
19
128.340494949978 1807.1632215218867 123.05337910941792 2056.9088798102202
20
130.95783218014844 2156.3715899120266 119.43120810195285 1510.7075677255202
21
133.70998245943775 2556.8165641851 119.84743107063478 3245.0204885485473
22
121.57814507130816 1047.6367756164457 136.25350306832615 10959.93908507554
23
120.79479956070976 972.9532997327136 146.83341686520274 16479.041035510814
24
120.62892123256296 957.492880243395 133.79948472182326 7656.43208964676
25
126.47021237038149 1576.5123215994681 145.49725632789216 15477.872994817455
26
125.89715223435634 1508.9906111612122 130.020761555746 8854.767060679314
27
131.51904802109027 2235.263373350538 134.82578617011487 8545.942342248702
28
126.35782113186627 1563.153153343776 125.27288643187359 4789.316724343097
29
130.63805880566383 2112.0539566034568 123.56866626929832 2664.0821610436874
30
133.19407360944885 2479.1546762763955 121.89207860439925 2392.3205786890762
31
130.95783218014844 2156.3715899120266 119.43120810195285 1492.3124294728018
32
133.0785978447519 2461.935679593356 119.71196532054984 1546.3343811776951
33
123.1699496598454 1207.9047762894825 130.42362006143406 6396.631060060119
34
115.09930278562622 512.9751253770448 148.62525748275925 16178.25394594581
35
134.37526437593942 2658.7323020603926 132.78237729338412 7049.147400003418
36
125.61497612434538 1476.2857541642632 136.52569619787295 9120.269275793828
37
134.07388245187326 2612.31629702417 143.6800732832283 13597.080872015686
38
131.74693790669696 2267.7031495162637 131.93886768314354 9125.59694392458
39
134.1620162172815 2625.847542067058 143.0440203290672 13626.937167824499
40
131.74693790669696 2267.703149516263 131.93886768314354 6953.361420584661
41
130.95783218014844 2156.3715899120266 119.43120810195285 1711.437800892168
42
133.72705821717477 2559.4075259655647 121.08856144389932 1729.222200235722
43
132.41194908254758 2363.7024974917294 121.72049653377121 1835.22570780122
44
131.830136695959 2279.6046046877286 128.91635798952058 4481.94703266621
45
134.38219990824234 2659.8052586932645 136.49924456526804 10298.06233318092
46
132.5756292342018 2387.6361450094123 138.24782177189684 9281.140541163204
47
133.42121868671364 2513.20018163656 135.7079194735439 8850.201052257948
48
134.68585252017874 2706.993821366079 136.98380158102543 9057.448645650875
49
135.44462334880006 2826.7229797611835 138.83632286775287 12598.195481692406
50
137.04702240352069 3088.084205175668 131.18612298062607 6377.340853525349
51
128.2793997240974 1799.3800096993816 140.4632938145078 12807.216272930975
52
131.79112484694684 2274.0201428268642 137.5612771802917 12228.566651585374
53
121.26309218360257 1017.2679507188558 137.44383618161055 11582.916071773518
54
125.34445731397888 1445.2684122152198 136.95505347005763 10898.441996259058
55
139.10987539948331 3441.5602959670005 129.42433745007193 6372.499470747251
56
139.58835278783715 3526.2847720220707 130.2175562170488 5576.691906054464
57
129.4061524051295 1945.6240483658307 132.92445427702484 6323.4139122562065
58
133.98325957765292 2598.4393459248136 135.77181820229643 8380.85839037528
59
128.2793997240974 1799.3800096993816 140.4632938145078 10894.459531952923
60
135.6645409219778 2861.9088281447116 133.16705191125612 8907.396332554226
61
127.94376704638962 1756.921762671504 136.04140740409184 11046.455515923615
62
134.07388245187326 2612.3162970241706 143.6800732832283 15140.383517471713
63
127.94643393165293 1757.2571313665449 142.64340709835722 13707.091817178383
64
128.10356916690583 1777.073849817886 138.50507028972203 13985.835267987819
65
120.04546480478152 904.0964832894033 140.7158089216677 15187.588562128629
66
137.52616265823497 3168.478988667692 132.2888638198428 7020.412377391893
67
139.58835278783715 3526.2847720220734 130.2175562170488 5446.819543303251
68
137.91242192226048 3234.0414060258704 135.86245235498595 9869.415358038988
69
136.3233374015117 2968.615889964132 138.204387777881 9367.447671584494
70
133.57089107932077 2535.760637684143 135.52196955935952 9145.9510447358
71
135.72900366176168 2872.2638309899025 138.90028898804874 12182.455428190358
72
129.3330230198197 1935.9590388328643 136.83736444644296 10952.601727915659
73
127.36643415231707 1685.0738659794886 144.19985941141442 14571.662743966597
74
127.77001402138535 1735.140777182862 144.4207905503457 15598.083351751435
75
127.27301853415946 1673.5894649203624 143.56380645725335 15260.663049242416
76
118.9000544193774 803.727128374711 148.36089234981213 17144.08182507883
77
135.55514085291028 2844.378092408154 128.7015159936839 5090.780453044017
78
136.32333740151168 2968.6158899641287 138.204387777881 9304.296378612653
79
139.58835278783715 3526.2847720220707 130.2175562170488 7616.040898211797
80
136.3233374015117 2968.615889964131 138.204387777881 9425.503341098807
81
135.4336684314885 2824.975931653496 136.96108953137866 9839.798270231517
82
137.6977379514939 3197.5187549838824 135.99155586106798 10265.761419598492
83
130.90401522124827 2148.8808527890774 143.26088502266109 13699.028457983623
84
128.2793997240974 1799.3800096993812 140.4632938145078 12686.758595837957
85
126.47021237038149 1576.5123215994677 145.49725632789216 14909.11377006027
86
118.7702175060165 792.7223967521277 142.77167581984529 14937.154309815056
87
123.75103225024063 1269.2509491419337 142.58697384296386 15961.472314382028
88
138.43567260429631 3323.9270892254735 133.22953426438227 6725.201713983786
89
139.3030014774855 3475.633331563265 129.04428622637033 4695.787292905635
90
134.7065813206895 2710.230270681675 141.04715519262461 10160.317085170696
91
137.04702240352069 3088.0842051756663 131.18612298062607 5799.389806843846
92
139.39262609175015 3491.5027284099756 132.51821295461735 8857.984574719314
93
132.22332277535966 2336.27069404128 140.05869487741865 12179.093557097547
94
130.2068174059522 2053.016590042208 142.51436833032636 14055.005566821354
95
128.63903946141843 1845.4378078635339 140.7099572277184 14045.895640815099
96
120.68550778218953 962.7530224658033 145.7153797711118 15431.155659332213
97
118.9000544193774 803.727128374711 148.36089234981213 17159.5066824176
98
115.09930278562622 512.9751253770448 148.62525748275925 18120.89546802462
99
139.3030014774855 3475.633331563265 129.04428622637033 4516.194561314962
100
136.3233374015117 2968.615889964132 138.204387777881 8588.151013861172
101
139.3030014774855 3475.6333315632633 129.04428622637033 4629.894975131415
102
139.11317896088366 3442.14172895875 133.38234752958695 6377.487377787647
103
133.44617979646955 2516.955621699978 141.35306782530768 10214.142166442212
104
135.72900366176168 2872.2638309899025 138.90028898804874 12408.695428944713
105
130.88986465570363 2146.9134115073007 144.99833880688237 14903.776008401335
106
118.9000544193774 803.7271283747114 148.36089234981216 16987.023740015145
107
131.30195547090096 2204.5779366800984 139.99762337277156 13526.122339687287
108
123.26924807182408 1218.2802881131995 138.70897629125176 12938.80707266441
109
115.09930278562622 512.9751253770448 148.62525748275925 18328.201131725666
110
139.10987539948331 3441.5602959670005 129.42433745007193 4886.558168683416
111
139.03828946142275 3428.9730991661186 132.00575140623747 6097.381073423204
112
139.03828946142275 3428.973099166117 132.00575140623747 6244.621810427277
113
139.39262609175015 3491.5027284099756 132.51821295461735 8803.95859152248
114
135.45896845896237 2829.0114993908014 139.89127383630313 11114.930862566272
115
129.984840519341 2022.953987183203 144.69642991747202 14294.74117312704
116
132.39912039724993 2361.831755659867 144.53293951203145 15085.017864329775
117
129.984840519341 2022.9539871832044 144.69642991747202 14914.60117144664
118
127.36643415231707 1685.0738659794893 144.19985941141445 15984.557526888802
119
115.09930278562624 512.975125377045 148.62525748275925 18220.1580885735
120
118.9000544193774 803.727128374711 148.36089234981213 18523.61367605632
121
139.2582998418652 3467.731739566039 127.24422416622252 4367.508700125922
122
139.11317896088366 3442.14172895875 133.38234752958695 6027.1574931310515
123
139.11317896088366 3442.14172895875 133.38234752958695 6027.1574931310515
124
139.68565303070508 3543.639877065399 134.17556629656383 6871.945392441297
125
139.68565303070508 3543.639877065401 134.17556629656383 8497.389068551578
126
136.40557323688043 2982.0729660881966 138.0474227592456 11489.3926705771
127
136.40557323688043 2982.0729660881966 138.0474227592456 11733.56544587411
128
128.7177843569351 1855.600061335712 143.55707368492216 15079.807418682312
129
115.09930278562622 512.9751253770448 148.62525748275925 18796.066776250882
130
118.9000544193774 803.727128374711 148.36089234981216 18790.706933865513
131
118.9000544193774 803.727128374711 148.36089234981216 18813.156256775565
