221.73705764979982
223.98005345389956
228.34913635640018
228.62450234140033
232.77060686470097
231.55363974330052
236.67720271549928
232.15152501180003
231.42468479530038
238.61596034820064
235.63740221920042
221.65506884210123
225.14271031080037
227.21658670420013
231.9698632509005
231.2682487540998
233.96809564460014
236.78037629910122
236.05425338490085
234.1274378510993
231.0302234272999
231.46888528639977
224.0562028064008
223.59123369530082
228.2465911141001
230.70456400039973
236.86688260409994
238.76259098660034
238.46826192129865
235.5042603298996
238.33351794649963
230.80016682360034
233.70391971639927
238.8638478636004
229.16686781480033
233.06931435049913
235.3644109874003
238.74395694739925
239.8839132320998
239.36619782990036
238.25738064739994
240.70717124660112
247.7868468470006
241.3995563342995
233.6799933635999
241.02676856339923
236.02451696479875
232.29549691239814
237.54411944370045
240.18912499800004
237.15275621689958
236.97088168970078
243.02373940960058
245.8061684218994
248.0608384516994
241.61082341610057
238.4765464079997
242.59740283100024
240.39797767860173
240.7383023534001
237.36883320030012
239.5043688186998
242.21967973990155
240.15341044269968
245.0962682306
243.43020452579972
237.06707463770002
240.768526513999
240.6998067944005
239.65361052499944
240.81810299429944
238.29487045209888
237.30549885939885
238.78818645579932
241.42781271220028
244.05538397800015
246.85900778280046
243.3101345237997
239.48367212609955
238.7397423033006
239.08723613120029
239.12297699170048
236.83649445849926
238.7758332560997
240.42596048319993
239.4899080439991
244.86214404489957
247.49111471049986
243.22794444360008
238.11016215510043
240.6297080025999
241.23651389170027
240.4508282128003
240.50965943869898
239.39323992669918
237.7225951236004
243.07868680199977
245.25016485570018
247.39042174840026
245.24792546629925
240.13047532749934
241.43175587880052
240.93698301080022
240.27094866379966
240.00901162730088
239.1456449512992
243.1980364313991
244.84244763200064
246.08364254100047
250.15814444900045
243.61691167750018
242.76249276100066
242.48329159159996
243.16716340159974
240.84989983139914
237.61678342559932
238.52428881280014
238.92924172289986
243.9295186404989
247.85681446049915
246.94589982730034

