0
122.04261561179277 647.0791823417837 145.31914893617022 2548.2344952467174
1
121.90402269242989 695.0282538805992 144.7872340425532 2507.3902218198273
2
124.64741659923837 773.0479613350578 141.06382978723406 2068.2888184698954
3
126.1446613851023 864.6514912985481 134.68085106382978 1581.2132186509734
4
129.6932468639717 1213.250291966067 136.70212765957447 1829.8438207333634
5
127.41220253450703 1029.0739922440364 136.17021276595744 1609.732910819375
6
132.23694895381433 1485.547765890798 138.61702127659575 1962.0529651425982
7
127.69076132371583 1358.0955820929864 133.40425531914894 1577.5464010864644
8
130.3455729957834 1383.9125051162277 131.48936170212767 1511.95110909914
9
132.10851730057777 1689.595825820748 138.61702127659575 2066.7609778180167
10
137.2299169337013 2159.952380241801 135.4255319148936 1740.006790402897
11
121.74022872128478 656.4023460918013 149.8936170212766 3069.635581711181
12
122.89455965428101 835.3158315142654 148.29787234042553 2925.71299230421
13
121.73210237008419 629.1250518519802 149.7872340425532 3030.421004979629
14
125.32433761600753 813.5110934421126 146.06382978723406 2505.9642372114076
15
121.92212863509617 666.8756144164057 145.53191489361703 2483.861475780896
16
136.27523041987521 1865.61479018595 132.97872340425533 1376.8899954730648
17
136.5195422002668 1783.1582321896826 137.4468085106383 1781.2584880036216
18
135.66808932655397 1701.975887990347 136.27659574468086 1606.5753734721593
19
135.9451758722938 1964.356819349156 133.93617021276594 1540.3689452240833
20
130.3455729957834 1385.4937307259313 131.48936170212767 1511.95110909914
21
134.65123806807452 1847.3640753621119 131.48936170212767 1553.5083748302397
22
124.1788105319033 821.0346469671406 144.46808510638297 2638.071525577184
23
121.50908418791745 664.9320330176777 143.82978723404256 2561.2720688094155
24
124.89312455392422 818.1103124242499 140.85106382978722 2047.3064735174285
25
124.15913285189906 743.0408846480789 147.3404255319149 2636.7473970122223
26
134.46052489198917 1723.3590887639361 139.7872340425532 2293.3906745133545
27
137.42695688203204 1878.4400287795124 139.36170212765956 1970.7107288365778
28
144.00772078016715 2499.576797164703 134.68085106382978 1743.7754640108647
29
129.6450966260202 1321.295306108393 138.19148936170214 1936.5889542779537
30
138.9701905133212 2254.5821835981487 138.82978723404256 1865.697148030783
31
138.26902610645035 2159.5507139445845 130.31914893617022 1349.8981439565414
32
134.19151634724312 1879.3147308523473 133.40425531914894 1768.2209144409235
33
138.8217717126543 2045.9008500478328 137.12765957446808 1667.4852874603894
34
127.51535052079875 1123.5437468581008 142.3404255319149 2414.599366229062
35
133.24696363473856 1544.9166029963228 133.51063829787233 1495.959710276143
36
135.33984280831928 1866.663836817025 136.17021276595744 1732.367587143504
37
138.62018629093694 2001.9429132884607 138.93617021276594 1770.461747397012
38
138.87999682018147 2097.699124087001 140.63829787234044 2005.5454956994117
39
131.20241677977057 1481.8470806898263 144.36170212765958 2471.536894522408
40
140.09340262266707 2163.1481854357526 138.08510638297872 2103.734721593481
41
123.45512740549702 728.4997346175498 144.89361702127658 2482.0280669986414
42
127.09285963067522 950.9351518806234 150.0 2915.3236758714347
43
126.4276205972572 926.5864097353558 141.8085106382979 2031.9262109551828
44
133.68543675878246 1496.3295238674928 138.51063829787233 1899.818922589407
45
142.32237450838997 2508.1205930879446 134.68085106382978 1669.8279764599365
46
136.1467157854956 1860.803971717568 135.53191489361703 1614.4182888184698
47
129.52276850119745 1474.4169265937094 137.97872340425533 1900.7356269805343
48
136.37864970821994 2002.413241050821 139.36170212765958 1957.0620190131283
49
138.9739992352603 2190.1402466967497 140.53191489361703 2290.640561339973
50
130.4281695892361 1330.3432569369747 141.38297872340425 2296.54821186057
51
139.80779018800612 2381.9538656874756 136.17021276595744 1702.829334540516
52
128.8276939161499 1199.3439000823544 147.12765957446808 2751.0298777727476
53
127.64716734166296 1059.6631036771455 148.40425531914894 3038.875056586691
54
126.03069603176124 1305.5172466333338 147.87234042553192 2871.525577184246
55
141.85568592787286 2472.9088157504084 135.95744680851064 1905.115436849253
56
138.59761081028074 2111.008288514728 135.53191489361703 1613.399728383884
57
144.8985646038637 2857.9959321517986 133.40425531914894 1663.1054775916703
58
141.3261040914255 2418.206011127668 138.1914893617021 1799.0832956088727
59
142.63000752752274 2248.656903060859 137.5531914893617 1745.5070167496604
60
136.4881073612912 1866.4336448983374 139.46808510638297 2123.392937980987
61
138.40080509956314 1850.0832210857673 139.68085106382978 1845.7333635129019
62
127.17580540995542 1245.8714093666642 148.08510638297872 2754.594839293798
63
138.87999682018147 1845.7524777795823 140.63829787234044 2005.5454956994117
64
125.2640805671576 842.2448937331172 147.2340425531915 2731.779085559076
65
129.7234396427956 1282.530091221489 143.61702127659575 2535.808057944771
66
138.12538837393123 1968.5680982829513 131.59574468085106 1324.8415572657314
67
141.11609682949873 2423.4708403323757 134.25531914893617 1588.750565866908
68
141.93188132224017 2381.2889820159785 134.7872340425532 1511.034404708013
69
142.09211234004914 2527.9886334929297 132.7659574468085 1460.6156631960162
70
142.42496193742528 2615.4817566721217 137.97872340425533 1872.8270710728837
71
134.3095193158269 1676.5649130119211 142.02127659574467 2223.8229968311452
72
129.37971879248948 1390.4414060542335 142.2340425531915 2391.8854685378
73
134.07189414378428 1705.6557761706224 141.06382978723406 2156.9035762788594
74
130.69837876228968 1569.9538195788155 144.14893617021275 2621.4689904934357
75
124.97125745455457 799.4656314120164 146.06382978723406 2512.0755998189225
76
130.44739305228592 1452.5780362557966 146.8085106382979 2625.6450882752374
77
143.87923958566608 2514.822013053543 133.93617021276594 1626.3354459031234
78
138.788819049989 2284.79045234979 141.17021276595744 2081.835672249887
79
138.97019051332117 2250.7387859443315 138.82978723404256 1865.697148030783
80
139.4408418786374 2436.258288234852 138.61702127659575 1939.4409234947939
81
139.7955090489615 2306.927362105595 138.51063829787233 1905.726573110005
82
137.63148565848357 1925.9238436392975 138.72340425531917 1790.832956088728
83
134.86226279476614 1832.4558680651612 141.38297872340428 2171.87641466727
84
131.712728153583 1339.1971395819646 143.82978723404256 2325.9846084200994
85
136.11350751513922 1859.5020642288323 140.531914893617 2277.806699864192
86
129.88861415056354 1420.1698369274432 146.8085106382979 2715.4821186057034
87
129.50589110146498 1320.7292623652002 147.97872340425533 2792.3834314169303
88
143.63310871538118 2447.0531251603506 135.0 1494.3300135808058
89
138.91746351688585 2223.7076942446474 137.3404255319149 1869.5676776822088
90
141.37004371862315 2424.3705023350417 137.5531914893617 1727.5803531009508
91
144.89856460386366 2804.698664759072 133.40425531914894 1663.1054775916703
92
142.42496193742528 2621.700849120108 137.97872340425533 1872.8270710728837
93
142.42496193742528 2572.140789135596 137.9787234042553 1872.8270710728837
94
141.58952504480484 2524.963751244365 138.82978723404256 1950.6450882752374
95
143.3247648931897 2328.3907679359804 135.53191489361703 1649.4567677682207
96
129.36138152675056 1409.9876632191226 146.48936170212767 2727.8066998641916
97
122.89455965428101 838.22481622661 148.29787234042553 2925.71299230421
98
126.01108452669409 1079.213164382795 147.7659574468085 2832.3110004526934
99
144.89856460386366 2889.427437808055 133.40425531914894 1663.1054775916703
100
139.83314751193504 2294.001997480719 139.46808510638297 2050.6677229515617
101
142.93617078148245 2638.0904908701764 135.4255319148936 1654.8551380715255
102
144.8985646038637 2877.719827897117 133.40425531914894 1663.1054775916703
103
142.42496193742528 2596.1703177750333 137.97872340425533 1872.8270710728837
104
140.29794539440235 2435.1855451494907 139.25531914893617 2286.973743775464
105
143.44509086918075 2326.712640313554 136.59574468085106 1949.1172476233587
106
128.9862005538018 1324.82974399901 148.08510638297872 2831.5980081484827
107
131.4974634802331 1602.378123627393 146.91489361702128 2775.271616115889
108
121.73210237008419 641.4468793255255 149.7872340425532 3030.4210049796284
109
122.43197354299605 652.2257030573539 150.31914893617022 2982.8542326844727
110
143.93636857595982 2801.271283331018 132.7659574468085 1622.1593481213217
111
144.66124509439607 2888.358768732231 132.6595744680851 1542.6097781801718
112
144.66124509439607 2888.358768732231 132.6595744680851 1542.6097781801718
113
145.14998212262202 2742.7403091752935 134.8936170212766 1490.5613399728381
114
145.14998212262202 2738.1643546955006 134.8936170212766 1490.5613399728381
115
137.04499095637516 2109.3240822603393 137.3404255319149 1792.5645088275237
116
134.24397199310897 1702.3611884347092 141.06382978723406 2418.673607967406
117
135.31667182584704 1840.1644524490507 139.8936170212766 2341.772295156179
118
121.74022872128478 665.3795114319691 149.8936170212766 3069.635581711181
119
121.74022872128478 656.4023460918013 149.8936170212766 3069.635581711181
120
128.5539433116095 1272.4167816527543 147.12765957446808 2958.2050701674966
